5 5 
1 2 
1 5 
2 5 
5 3 
3 4

4 3 
4 1 
1 2 
2 3

7 8 
7 2 
7 1 
1 2 
1 6 
1 4 
1 3 
3 5 
4 5

5 3
3 2
2 5
1 5

5 5 
1 2 
1 5 
2 5 
5 3 
3 4

4 3 
4 1 
1 2 
2 3

7 8 
7 2 
7 1 
1 2 
1 6 
1 4 
1 3 
3 5 
4 5

5 3
3 2
2 5
1 5

5 5 
1 2 
1 5 
2 5 
5 3 
3 4

4 3 
4 1 
1 2 
2 3

7 8 
7 2 
7 1 
1 2 
1 6 
1 4 
1 3 
3 5 
4 5

5 3
3 2
2 5
1 5

5 5 
1 2 
1 5 
2 5 
5 3 
3 4

4 3 
4 1 
1 2 
2 3

7 8 
7 2 
7 1 
1 2 
1 6 
1 4 
1 3 
3 5 
4 5

5 3
3 2
2 5
1 5

5 5 
1 2 
1 5 
2 5 
5 3 
3 4

4 3 
4 1 
1 2 
2 3

7 8 
7 2 
7 1 
1 2 
1 6 
1 4 
1 3 
3 5 
4 5

5 3
3 2
2 5
1 5
 
0 0 
